1 -0.223872837601717 0.507815923706398 0.18123468377229 -0.26389534314755 -0.504685134495955 -0.113884867117614 0.428637482236507 0.603145836209729 0.349675367873536 -0.187645464068999 0.431695722220062 0.317593074293856 0.164646461987002 0.282191961241156 -0.116743115734586 -0.208541765309113 0.279443870058621 0.18350357120057 -0.132562874585527 -0.201501225850748 0.318843315767198 0.221048082667848 -0.483545198566817 0.18123468377229 -0.26389534314755 -0.504685134495955 -0.113884867117614 0.428637482236507 0.603145836209729 0.349675367873536 -0.187645464068999 0.431695722220062 0.317593074293856 0.164646461987002 0.282191961241156 -0.116743115734586 -0.208541765309113 0.279443870058621 0.18350357120057 -0.132562874585527 -0.201501225850748 0.318843315767198 0.221048082667848 -0.483545198566817 -0.14475624842122 -0.0287315832729315 -0.0547089578683465 0.036012192726853 0.232047778808936 0.354082520142076 -0.042423685222833 0.239343142557031 0.319377428476279 0.24029354554913 0.15196885322955 0.0116011544651205
-0.223872837601717 1.00000000000001 -0.112625899821111 0.560511448388591 -0.103038338899282 -0.20371694087689 0.375275532343818 -0.102505619816534 -0.193992310007472 -0.119581550245945 0.399818648715602 -0.205823822260496 -0.119954117062075 0.353834511444786 0.183464896560407 0.698262495002746 -0.0614081707937064 -0.0805816027517661 -0.111259553240111 -0.074082662814691 -0.0616880709931927 -0.0538405167204741 -0.176278784714759 -0.130022068177791 0.560511448388591 -0.103038338899282 -0.20371694087689 0.375275532343818 -0.102505619816534 -0.193992310007472 -0.119581550245945 0.399818648715602 -0.205823822260496 -0.119954117062075 0.353834511444786 0.183464896560407 0.698262495002746 -0.0614081707937064 -0.0805816027517661 -0.111259553240111 -0.074082662814691 -0.0616880709931927 -0.0538405167204741 -0.176278784714759 -0.130022068177791 0.0608443794169863 -0.0986927459807202 0.536983619974274 -0.110213099346242 0.193196379286624 -0.127441763385963 0.615138408134571 -0.188579574507299 -0.10948387148909 0.39788764878279 -0.0322973854396359 -0.135527497163848
0.507815923706398 -0.112625899821111 0.999999999999995 0.417336332797227 -0.142084112002992 -0.130137358944546 0.223215625355658 -0.0326922002068333 -0.0347071873049213 -0.175753450612005 -0.0588618428486529 -0.010938694315044 0.00937039754702144 -0.0356549615366725 0.247768245654823 -0.113487399764781 -0.140619235694072 -0.0933498618389897 -0.126235445006186 0.0331122077942939 -0.104014605265063 0.617362818076104 0.313828692591568 -0.30574471708556 0.417336332797227 -0.142084112002992 -0.130137358944546 0.223215625355658 -0.0326922002068333 -0.0347071873049213 -0.175753450612005 -0.0588618428486529 -0.010938694315044 0.00937039754702144 -0.0356549615366725 0.247768245654823 -0.113487399764781 -0.140619235694072 -0.0933498618389897 -0.126235445006186 0.0331122077942939 -0.104014605265063 0.617362818076104 0.313828692591568 -0.30574471708556 -0.0689700426035009 -0.115810411947907 -0.0808296847105116 -0.0921192350951863 0.181381902186381 -0.0331387701683204 -0.122002158548644 -0.0632973441661758 -0.0648651604567614 0.323113170679799 -0.0915426163032375 -0.0482513551501467
0.18123468377229 0.560511448388591 0.417336332797227 0.999999999999992 -0.165841784439327 -0.398948606452848 0.640009864453729 -0.151242186900652 -0.265467393216155 -0.195870746401096 0.282361227104816 -0.292221859057785 -0.134816637239063 0.268699927358899 0.408113976168252 0.564947481805967 -0.108926185258696 -0.123338639623052 -0.182623374645393 -0.159314195872379 -0.109457529432702 0.544170828508633 0.0830129574904562 -0.322941234476365 0.999999999999992 -0.165841784439327 -0.398948606452848 0.640009864453729 -0.151242186900652 -0.265467393216155 -0.195870746401096 0.282361227104816 -0.292221859057785 -0.134816637239063 0.268699927358899 0.408113976168252 0.564947481805967 -0.108926185258696 -0.123338639623052 -0.182623374645393 -0.159314195872379 -0.109457529432702 0.544170828508633 0.0830129574904562 -0.322941234476365 -0.0180854896683671 -0.158294957592525 0.450015845666178 -0.169844117737389 0.335436398407509 -0.208398658702436 0.436882254401422 -0.30735746948137 -0.146788555090087 0.671745520531213 -0.103141143816456 -0.180662212385453
-0.26389534314755 -0.103038338899282 -0.142084112002992 -0.165841784439327 0.999999999999995 -0.283317016608495 0.482180805198033 -0.145744601377277 -0.21448427928228 -0.0849095069259352 0.458871625652366 0.298128355161694 -0.118848956777859 -0.193953117865557 0.178306023063474 -0.0780643928181202 0.121661692892162 -0.073033465274441 -0.0938200248453662 0.698464580921075 -0.0556007188451254 -0.048123383809702 0.359684911160284 -0.111387249767069 -0.165841784439327 0.999999999999995 -0.283317016608495 0.482180805198033 -0.145744601377277 -0.21448427928228 -0.0849095069259352 0.458871625652366 0.298128355161694 -0.118848956777859 -0.193953117865557 0.178306023063474 -0.0780643928181202 0.121661692892162 -0.073033465274441 -0.0938200248453662 0.698464580921075 -0.0556007188451254 -0.048123383809702 0.359684911160284 -0.111387249767069 -0.0680055934506628 0.429718739185699 -0.124048074989897 0.332023533036063 0.250462928682266 -0.184116832964973 -0.0844933291473706 0.308522329184508 -0.126952663303248 -0.0971046818522761 -0.0754692616010561 0.452349950786571
-0.504685134495955 -0.20371694087689 -0.130137358944546 -0.398948606452848 -0.283317016608495 0.999999999999997 -0.571778789807829 -0.263087244813206 -0.421021451145212 -0.276268335503392 -0.298436326003912 -0.412119358327981 -0.184753838549957 -0.347018493662857 -0.573699681844792 -0.1976005124511 0.184460385516066 -0.191297385441307 -0.116042573064929 -0.0957138590066577 0.304259089085559 -0.255823922897382 -0.315398314020057 0.705932882878623 -0.398948606452848 -0.283317016608495 0.999999999999997 -0.571778789807829 -0.263087244813206 -0.421021451145212 -0.276268335503392 -0.298436326003912 -0.412119358327981 -0.184753838549957 -0.347018493662857 -0.573699681844792 -0.1976005124511 0.184460385516066 -0.191297385441307 -0.116042573064929 -0.0957138590066577 0.304259089085559 -0.255823922897382 -0.315398314020057 0.705932882878623 0.192432305314412 -0.181460251116787 -0.284973627433704 -0.316271474218738 -0.531594438099766 -0.264194847972882 -0.207108364609398 -0.285199372816816 -0.215084341264965 -0.343047284566426 -0.127362895103617 -0.137273745500592
-0.113884867117614 0.375275532343818 0.223215625355658 0.640009864453729 0.482180805198033 -0.571778789807829 1.00000000000001 -0.256531727003296 -0.343643598408459 -0.255379295113379 0.567591532921126 -0.134970395058987 -0.248723385613726 0.134693944147971 0.540842177154775 0.378205250952028 -0.0397675788667375 -0.180569689585313 -0.239038540221125 0.272291965433948 -0.167549483242497 0.396055375247071 0.282836486340178 -0.411053987643308 0.640009864453729 0.482180805198033 -0.571778789807829 1.00000000000001 -0.256531727003296 -0.343643598408459 -0.255379295113379 0.567591532921126 -0.134970395058987 -0.248723385613726 0.134693944147971 0.540842177154775 0.378205250952028 -0.0397675788667375 -0.180569689585313 -0.239038540221125 0.272291965433948 -0.167549483242497 0.396055375247071 0.282836486340178 -0.411053987643308 -0.0857643881997182 0.125922097345554 0.401086912523416 0.142776659377865 0.428312403894677 -0.225505313180433 0.256659179495929 -0.0943952656730555 -0.220864118883795 0.430108590900726 -0.142377022286046 0.10435303955408
0.428637482236507 -0.102505619816534 -0.0326922002068333 -0.151242186900652 -0.145744601377277 -0.263087244813206 -0.256531727003296 1.00000000000001 0.52547230218104 -0.174684384192481 -0.180889693046742 0.43185764069343 -0.17614014331477 -0.214169352783904 0.359095223074855 -0.129549136147428 -0.0459005032398342 0.719564418666828 -0.149998297302408 -0.126305856172805 -0.0890446912879478 -0.0135007529384862 -0.230598262585687 -0.239959063894147 -0.151242186900652 -0.145744601377277 -0.263087244813206 -0.256531727003296 1.00000000000001 0.52547230218104 -0.174684384192481 -0.180889693046742 0.43185764069343 -0.17614014331477 -0.214169352783904 0.359095223074855 -0.129549136147428 -0.0459005032398342 0.719564418666828 -0.149998297302408 -0.126305856172805 -0.0890446912879478 -0.0135007529384862 -0.230598262585687 -0.239959063894147 -0.0649969780359596 0.16050601495673 -0.0751531881188046 -0.106590337160846 -0.10492686761138 0.379108202585814 0.0714082082391886 0.34449623892933 0.678185206422557 -0.00551692091820807 -0.116466112170939 0.0144580587049607
0.603145836209729 -0.193992310007472 -0.0347071873049213 -0.265467393216155 -0.21448427928228 -0.421021451145212 -0.343643598408459 0.52547230218104 1 0.605595359918435 -0.339228455769985 0.564413134323069 0.473355352038583 0.226679314473074 0.0335455692713917 -0.222962402671157 -0.181639445549938 0.39700459708626 0.31985375698164 -0.23037592478284 -0.163514222629267 -0.159162760649037 0.00580442228104099 -0.328438193707121 -0.265467393216155 -0.21448427928228 -0.421021451145212 -0.343643598408459 0.52547230218104 1 0.605595359918435 -0.339228455769985 0.564413134323069 0.473355352038583 0.226679314473074 0.0335455692713917 -0.222962402671157 -0.181639445549938 0.39700459708626 0.31985375698164 -0.23037592478284 -0.163514222629267 -0.159162760649037 0.00580442228104099 -0.328438193707121 -0.111912981368492 0.0531604651690408 -0.161468528687229 0.194528841213943 0.063255144518123 0.556309529959859 -0.0817325984608574 0.393083693003743 0.39255946959142 -0.161323078862963 0.294580294050547 0.00812676404607137
0.349675367873536 -0.119581550245945 -0.175753450612005 -0.195870746401096 -0.0849095069259352 -0.276268335503392 -0.255379295113379 -0.174684384192481 0.605595359918435 0.999999999999998 -0.196935716920366 0.299286219367214 0.640688555551717 0.387374823944783 -0.304553887748504 -0.120254606353942 -0.13713820069461 -0.114055837258907 0.600197806745743 -0.110197490083861 -0.085804064617441 -0.144795955667497 0.258597278247243 -0.0843318556577675 -0.195870746401096 -0.0849095069259352 -0.276268335503392 -0.255379295113379 -0.174684384192481 0.605595359918435 0.999999999999998 -0.196935716920366 0.299286219367214 0.640688555551717 0.387374823944783 -0.304553887748504 -0.120254606353942 -0.13713820069461 -0.114055837258907 0.600197806745743 -0.110197490083861 -0.085804064617441 -0.144795955667497 0.258597278247243 -0.0843318556577675 -0.064556254595396 -0.0389251376075239 -0.138233481050696 0.293384584366153 0.203395647557477 0.285000276728322 -0.115889920445116 0.178059385941376 -0.0898771147919257 -0.112675211703859 0.532895637386724 0.0787879479000243
-0.187645464068999 0.399818648715602 -0.0588618428486529 0.282361227104816 0.458871625652366 -0.298436326003912 0.567591532921126 -0.180889693046742 -0.339228455769985 -0.196935716920366 0.999999999999999 0.166591593188508 -0.193119497028691 0.292219954973223 0.463554521404955 0.527668467041042 -0.109782861702812 -0.124423932188255 -0.161472566867409 0.605109554427732 -0.0986042404028358 -0.106392642349993 0.214630695909554 -0.350558273701283 0.282361227104816 0.458871625652366 -0.298436326003912 0.567591532921126 -0.180889693046742 -0.339228455769985 -0.196935716920366 0.999999999999999 0.166591593188508 -0.193119497028691 0.292219954973223 0.463554521404955 0.527668467041042 -0.109782861702812 -0.124423932188255 -0.161472566867409 0.605109554427732 -0.0986042404028358 -0.106392642349993 0.214630695909554 -0.350558273701283 -0.127969600674023 0.227157523446605 0.506890561631476 0.281057541211884 0.368490891053083 -0.248259413385536 0.397411005592618 0.129691552449351 -0.198048067695758 0.189603038102774 -0.109270801400166 0.352583289020021
0.431695722220062 -0.205823822260496 -0.010938694315044 -0.292221859057785 0.298128355161694 -0.412119358327981 -0.134970395058987 0.43185764069343 0.564413134323069 0.299286219367214 0.166591593188508 1 0.454103878564315 0.132370498083136 0.272872129697219 -0.251286415859295 -0.178295898165344 0.351153510676535 0.31548656278725 0.435899118867962 -0.150461536100848 -0.172769553900793 0.3730844277334 -0.520119134059963 -0.292221859057785 0.298128355161694 -0.412119358327981 -0.134970395058987 0.43185764069343 0.564413134323069 0.299286219367214 0.166591593188508 1 0.454103878564315 0.132370498083136 0.272872129697219 -0.251286415859295 -0.178295898165344 0.351153510676535 0.31548656278725 0.435899118867962 -0.150461536100848 -0.172769553900793 0.3730844277334 -0.520119134059963 -0.152094151917499 0.354743721158553 -0.248670302273851 0.487152584924228 0.317817692008407 0.43956484275555 -0.124979049055193 0.722058659278101 0.354012921203176 -0.199822733538481 0.26507686510704 0.286875272375289
0.317593074293856 -0.119954117062075 0.00937039754702144 -0.134816637239063 -0.118848956777859 -0.184753838549957 -0.248723385613726 -0.17614014331477 0.473355352038583 0.640688555551717 -0.193119497028691 0.454103878564315 1 0.6687281169418 -0.313210390359691 -0.145307313625808 -0.116389060098955 -0.131889090714702 0.714339017698139 -0.152688409597496 -0.0768172822408803 -0.147141277240056 0.307164874489281 -0.278070159617753 -0.134816637239063 -0.118848956777859 -0.184753838549957 -0.248723385613726 -0.17614014331477 0.473355352038583 0.640688555551717 -0.193119497028691 0.454103878564315 1 0.6687281169418 -0.313210390359691 -0.145307313625808 -0.116389060098955 -0.131889090714702 0.714339017698139 -0.152688409597496 -0.0768172822408803 -0.147141277240056 0.307164874489281 -0.278070159617753 -0.0948698645730637 -0.047888486691256 -0.0929956296238768 0.340722510060113 0.221386956000923 0.454990999518526 -0.158178536116845 0.291972946034944 -0.0607021640571633 -0.151420129364917 0.567920241296567 -0.124747840859169
0.164646461987002 0.353834511444786 -0.0356549615366725 0.268699927358899 -0.193953117865557 -0.347018493662857 0.134693944147971 -0.214169352783904 0.226679314473074 0.387374823944783 0.292219954973223 0.132370498083136 0.6687281169418 0.999999999999996 -0.04394818966801 0.437424726036274 -0.1410857310867 -0.184844043150865 0.45447058345527 -0.236501181943403 -0.142846331752347 -0.153189510998777 0.0615360555704008 -0.411879790393784 0.268699927358899 -0.193953117865557 -0.347018493662857 0.134693944147971 -0.214169352783904 0.226679314473074 0.387374823944783 0.292219954973223 0.132370498083136 0.6687281169418 0.999999999999996 -0.04394818966801 0.437424726036274 -0.1410857310867 -0.184844043150865 0.45447058345527 -0.236501181943403 -0.142846331752347 -0.153189510998777 0.0615360555704008 -0.411879790393784 -0.143513536685393 -0.138969058537258 0.553924571295262 0.207667722726898 0.273248260550155 0.284071334593138 0.300444933993799 0.0548731949165309 -0.11449073639616 0.148546892594953 0.377399875771124 -0.204607927621953
0.282191961241156 0.183464896560407 0.247768245654823 0.408113976168252 0.178306023063474 -0.573699681844792 0.540842177154775 0.359095223074855 0.0335455692713917 -0.304553887748504 0.463554521404955 0.272872129697219 -0.313210390359691 -0.04394818966801 1 0.22837753219597 -0.207522346813423 0.266227254229458 -0.308264899001497 0.262776604050133 -0.207975018220738 0.320563454582515 0.166339275861566 -0.633924704052258 0.408113976168252 0.178306023063474 -0.573699681844792 0.540842177154775 0.359095223074855 0.0335455692713917 -0.304553887748504 0.463554521404955 0.272872129697219 -0.313210390359691 -0.04394818966801 1 0.22837753219597 -0.207522346813423 0.266227254229458 -0.308264899001497 0.262776604050133 -0.207975018220738 0.320563454582515 0.166339275861566 -0.633924704052258 -0.171999073426842 0.177138608366521 0.340310633066192 0.165924395079519 0.392725358623342 0.055865966178996 0.229955140869316 0.179195541392934 0.285888502682907 0.356587237672538 -0.221785929647403 0.202615520293023
-0.116743115734586 0.698262495002746 -0.113487399764781 0.564947481805967 -0.0780643928181202 -0.1976005124511 0.378205250952028 -0.129549136147428 -0.222962402671157 -0.120254606353942 0.527668467041042 -0.251286415859295 -0.145307313625808 0.437424726036274 0.22837753219597 1.00000000000001 -0.0281739813173216 -0.0808019756977319 -0.136989530159402 -0.0886079818503165 -0.0623520685116482 -0.0417166482598331 -0.196048962675418 -0.150424613398019 0.564947481805967 -0.0780643928181202 -0.1976005124511 0.378205250952028 -0.129549136147428 -0.222962402671157 -0.120254606353942 0.527668467041042 -0.251286415859295 -0.145307313625808 0.437424726036274 0.22837753219597 1.00000000000001 -0.0281739813173216 -0.0808019756977319 -0.136989530159402 -0.0886079818503165 -0.0623520685116482 -0.0417166482598331 -0.196048962675418 -0.150424613398019 -0.0684244868444407 -0.117572769310796 0.672896032665436 -0.174548467938053 0.248043721611408 -0.158682565088519 0.794186331000804 -0.207921519193697 -0.123961707000371 0.501719884942572 -0.0485501937513445 -0.10408361628033
-0.208541765309113 -0.0614081707937064 -0.140619235694072 -0.108926185258696 0.121661692892162 0.184460385516066 -0.0397675788667375 -0.0459005032398342 -0.181639445549938 -0.13713820069461 -0.109782861702812 -0.178295898165344 -0.116389060098955 -0.1410857310867 -0.207522346813423 -0.0281739813173216 0.99999999999999 -0.00689882679501232 -0.0800508027776936 -0.0793352900633089 -0.0404355145277713 -0.096660515135898 -0.168352170797949 0.3064097647233 -0.108926185258696 0.121661692892162 0.184460385516066 -0.0397675788667375 -0.0459005032398342 -0.181639445549938 -0.13713820069461 -0.109782861702812 -0.178295898165344 -0.116389060098955 -0.1410857310867 -0.207522346813423 -0.0281739813173216 0.99999999999999 -0.00689882679501232 -0.0800508027776936 -0.0793352900633089 -0.0404355145277713 -0.096660515135898 -0.168352170797949 0.3064097647233 -0.0289291287291202 -0.0611352758058803 -0.0862251094377557 -0.173395922157144 -0.196375563691814 -0.114642426889568 0.0149833145210144 -0.144849671744191 -0.038374436599602 -0.0591709218882854 -0.0811633118725 -0.120239733506768
0.279443870058621 -0.0805816027517661 -0.0933498618389897 -0.123338639623052 -0.073033465274441 -0.191297385441307 -0.180569689585313 0.719564418666828 0.39700459708626 -0.114055837258907 -0.124423932188255 0.351153510676535 -0.131889090714702 -0.184844043150865 0.266227254229458 -0.0808019756977319 -0.00689882679501232 1.00000000000001 -0.135642208303113 -0.0687207381069467 -0.0609222635369518 -0.0701182620588962 -0.192096399271245 -0.155689935412505 -0.123338639623052 -0.073033465274441 -0.191297385441307 -0.180569689585313 0.719564418666828 0.39700459708626 -0.114055837258907 -0.124423932188255 0.351153510676535 -0.131889090714702 -0.184844043150865 0.266227254229458 -0.0808019756977319 -0.00689882679501232 1.00000000000001 -0.135642208303113 -0.0687207381069467 -0.0609222635369518 -0.0701182620588962 -0.192096399271245 -0.155689935412505 0.013818255883504 0.28222410992503 -0.115408983504966 -0.0114294536723481 -0.106432129692026 0.331818977334463 -0.0509638507800929 0.385426748928397 0.578688844600801 -0.118423328636029 -0.0527579266672647 0.0911444092528504
0.18350357120057 -0.111259553240111 -0.126235445006186 -0.182623374645393 -0.0938200248453662 -0.116042573064929 -0.239038540221125 -0.149998297302408 0.31985375698164 0.600197806745743 -0.161472566867409 0.31548656278725 0.714339017698139 0.45447058345527 -0.308264899001497 -0.136989530159402 -0.0800508027776936 -0.135642208303113 1.00000000000001 -0.107962853440441 -0.0942938092875188 -0.119861849899926 0.513913027391161 -0.269475260460433 -0.182623374645393 -0.0938200248453662 -0.116042573064929 -0.239038540221125 -0.149998297302408 0.31985375698164 0.600197806745743 -0.161472566867409 0.31548656278725 0.714339017698139 0.45447058345527 -0.308264899001497 -0.136989530159402 -0.0800508027776936 -0.135642208303113 1.00000000000001 -0.107962853440441 -0.0942938092875188 -0.119861849899926 0.513913027391161 -0.269475260460433 -0.064815660524103 -0.00541489374318013 -0.108268598346815 0.472214719498867 0.328637158413002 0.489643232301236 -0.139258847901443 0.380663869179602 -0.0423759737708109 -0.149752179126538 0.726204264445265 -0.0889422665522801
-0.132562874585527 -0.074082662814691 0.0331122077942939 -0.159314195872379 0.698464580921075 -0.0957138590066577 0.272291965433948 -0.126305856172805 -0.23037592478284 -0.110197490083861 0.605109554427732 0.435899118867962 -0.152688409597496 -0.236501181943403 0.262776604050133 -0.0886079818503165 -0.0793352900633089 -0.0687207381069467 -0.107962853440441 1.00000000000001 -0.0793167219313358 -0.0828897359130509 0.527096952608207 -0.209591050901861 -0.159314195872379 0.698464580921075 -0.0957138590066577 0.272291965433948 -0.126305856172805 -0.23037592478284 -0.110197490083861 0.605109554427732 0.435899118867962 -0.152688409597496 -0.236501181943403 0.262776604050133 -0.0886079818503165 -0.0793352900633089 -0.0687207381069467 -0.107962853440441 1.00000000000001 -0.0793167219313358 -0.0828897359130509 0.527096952608207 -0.209591050901861 -0.0757419812565406 0.403348241608952 -0.189170947820453 0.460202040486197 0.346245068823136 -0.211516413589954 -0.0841297427750045 0.44771950549517 -0.150075633418391 -0.131880026868374 -0.0637948346025649 0.570304105539356
-0.201501225850748 -0.0616880709931927 -0.104014605265063 -0.109457529432702 -0.0556007188451254 0.304259089085559 -0.167549483242497 -0.0890446912879478 -0.163514222629267 -0.085804064617441 -0.0986042404028358 -0.150461536100848 -0.0768172822408803 -0.142846331752347 -0.207975018220738 -0.0623520685116482 -0.0404355145277713 -0.0609222635369518 -0.0942938092875188 -0.0793167219313358 1.00000000000001 -0.0678441031681761 -0.179118311939335 0.35556972403897 -0.109457529432702 -0.0556007188451254 0.304259089085559 -0.167549483242497 -0.0890446912879478 -0.163514222629267 -0.085804064617441 -0.0986042404028358 -0.150461536100848 -0.0768172822408803 -0.142846331752347 -0.207975018220738 -0.0623520685116482 -0.0404355145277713 -0.0609222635369518 -0.0942938092875188 -0.0793167219313358 1.00000000000001 -0.0678441031681761 -0.179118311939335 0.35556972403897 -0.00506721255739097 -0.0192440452819688 -0.128497905808802 -0.146252412618425 -0.206018053502584 -0.170326987632476 -0.0480798120084989 -0.183779771511538 -0.132775317811092 -0.104592906497427 -0.0500290621795653 -0.085999846772006
0.318843315767198 -0.0538405167204741 0.617362818076104 0.544170828508633 -0.048123383809702 -0.255823922897382 0.396055375247071 -0.0135007529384862 -0.159162760649037 -0.144795955667497 -0.106392642349993 -0.172769553900793 -0.147141277240056 -0.153189510998777 0.320563454582515 -0.0417166482598331 -0.096660515135898 -0.0701182620588962 -0.119861849899926 -0.0828897359130509 -0.0678441031681761 1 0.375093356118246 -0.255649365053801 0.544170828508633 -0.048123383809702 -0.255823922897382 0.396055375247071 -0.0135007529384862 -0.159162760649037 -0.144795955667497 -0.106392642349993 -0.172769553900793 -0.147141277240056 -0.153189510998777 0.320563454582515 -0.0417166482598331 -0.096660515135898 -0.0701182620588962 -0.119861849899926 -0.0828897359130509 -0.0678441031681761 1 0.375093356118246 -0.255649365053801 -0.0417197825515799 -0.0412718313862581 -0.0639032984298507 -0.161973215070867 0.289357518427542 -0.110223551838203 -0.0440016763393363 -0.144777061157197 -0.051783098492689 0.561667441729862 -0.0473311661667355 -0.0884365501856249
0.221048082667848 -0.176278784714759 0.313828692591568 0.0830129574904562 0.359684911160284 -0.315398314020057 0.282836486340178 -0.230598262585687 0.00580442228104099 0.258597278247243 0.214630695909554 0.3730844277334 0.307164874489281 0.0615360555704008 0.166339275861566 -0.196048962675418 -0.168352170797949 -0.192096399271245 0.513913027391161 0.527096952608207 -0.179118311939335 0.375093356118246 1 -0.50620660529729 0.0830129574904562 0.359684911160284 -0.315398314020057 0.282836486340178 -0.230598262585687 0.00580442228104099 0.258597278247243 0.214630695909554 0.3730844277334 0.307164874489281 0.0615360555704008 0.166339275861566 -0.196048962675418 -0.168352170797949 -0.192096399271245 0.513913027391161 0.527096952608207 -0.179118311939335 0.375093356118246 1 -0.50620660529729 -0.143624707250215 0.207063526431173 -0.253413531831017 0.567210209556145 0.675389138692254 0.114272938637425 -0.194434291832205 0.449057884852389 -0.1997388362514 0.158096682588153 0.431679119162993 0.249553600288236
-0.483545198566817 -0.130022068177791 -0.30574471708556 -0.322941234476365 -0.111387249767069 0.705932882878623 -0.411053987643308 -0.239959063894147 -0.328438193707121 -0.0843318556577675 -0.350558273701283 -0.520119134059963 -0.278070159617753 -0.411879790393784 -0.633924704052258 -0.150424613398019 0.3064097647233 -0.155689935412505 -0.269475260460433 -0.209591050901861 0.35556972403897 -0.255649365053801 -0.50620660529729 0.999999999999999 -0.322941234476365 -0.111387249767069 0.705932882878623 -0.411053987643308 -0.239959063894147 -0.328438193707121 -0.0843318556577675 -0.350558273701283 -0.520119134059963 -0.278070159617753 -0.411879790393784 -0.633924704052258 -0.150424613398019 0.3064097647233 -0.155689935412505 -0.269475260460433 -0.209591050901861 0.35556972403897 -0.255649365053801 -0.50620660529729 0.999999999999999 0.278938721686297 -0.157444474033736 -0.309425598734362 -0.483204759387399 -0.663109717260079 -0.413693546058874 -0.157693376406203 -0.476521905222339 -0.249584137725452 -0.30924586965015 -0.201899818807833 -0.0894025145247824
0.18123468377229 0.560511448388591 0.417336332797227 0.999999999999992 -0.165841784439327 -0.398948606452848 0.640009864453729 -0.151242186900652 -0.265467393216155 -0.195870746401096 0.282361227104816 -0.292221859057785 -0.134816637239063 0.268699927358899 0.408113976168252 0.564947481805967 -0.108926185258696 -0.123338639623052 -0.182623374645393 -0.159314195872379 -0.109457529432702 0.544170828508633 0.0830129574904562 -0.322941234476365 0.999999999999992 -0.165841784439327 -0.398948606452848 0.640009864453729 -0.151242186900652 -0.265467393216155 -0.195870746401096 0.282361227104816 -0.292221859057785 -0.134816637239063 0.268699927358899 0.408113976168252 0.564947481805967 -0.108926185258696 -0.123338639623052 -0.182623374645393 -0.159314195872379 -0.109457529432702 0.544170828508633 0.0830129574904562 -0.322941234476365 -0.0180854896683671 -0.158294957592525 0.450015845666178 -0.169844117737389 0.335436398407509 -0.208398658702436 0.436882254401422 -0.30735746948137 -0.146788555090087 0.671745520531213 -0.103141143816456 -0.180662212385453
-0.26389534314755 -0.103038338899282 -0.142084112002992 -0.165841784439327 0.999999999999995 -0.283317016608495 0.482180805198033 -0.145744601377277 -0.21448427928228 -0.0849095069259352 0.458871625652366 0.298128355161694 -0.118848956777859 -0.193953117865557 0.178306023063474 -0.0780643928181202 0.121661692892162 -0.073033465274441 -0.0938200248453662 0.698464580921075 -0.0556007188451254 -0.048123383809702 0.359684911160284 -0.111387249767069 -0.165841784439327 0.999999999999995 -0.283317016608495 0.482180805198033 -0.145744601377277 -0.21448427928228 -0.0849095069259352 0.458871625652366 0.298128355161694 -0.118848956777859 -0.193953117865557 0.178306023063474 -0.0780643928181202 0.121661692892162 -0.073033465274441 -0.0938200248453662 0.698464580921075 -0.0556007188451254 -0.048123383809702 0.359684911160284 -0.111387249767069 -0.0680055934506628 0.429718739185699 -0.124048074989897 0.332023533036063 0.250462928682266 -0.184116832964973 -0.0844933291473706 0.308522329184508 -0.126952663303248 -0.0971046818522761 -0.0754692616010561 0.452349950786571
-0.504685134495955 -0.20371694087689 -0.130137358944546 -0.398948606452848 -0.283317016608495 0.999999999999997 -0.571778789807829 -0.263087244813206 -0.421021451145212 -0.276268335503392 -0.298436326003912 -0.412119358327981 -0.184753838549957 -0.347018493662857 -0.573699681844792 -0.1976005124511 0.184460385516066 -0.191297385441307 -0.116042573064929 -0.0957138590066577 0.304259089085559 -0.255823922897382 -0.315398314020057 0.705932882878623 -0.398948606452848 -0.283317016608495 0.999999999999997 -0.571778789807829 -0.263087244813206 -0.421021451145212 -0.276268335503392 -0.298436326003912 -0.412119358327981 -0.184753838549957 -0.347018493662857 -0.573699681844792 -0.1976005124511 0.184460385516066 -0.191297385441307 -0.116042573064929 -0.0957138590066577 0.304259089085559 -0.255823922897382 -0.315398314020057 0.705932882878623 0.192432305314412 -0.181460251116787 -0.284973627433704 -0.316271474218738 -0.531594438099766 -0.264194847972882 -0.207108364609398 -0.285199372816816 -0.215084341264965 -0.343047284566426 -0.127362895103617 -0.137273745500592
-0.113884867117614 0.375275532343818 0.223215625355658 0.640009864453729 0.482180805198033 -0.571778789807829 1.00000000000001 -0.256531727003296 -0.343643598408459 -0.255379295113379 0.567591532921126 -0.134970395058987 -0.248723385613726 0.134693944147971 0.540842177154775 0.378205250952028 -0.0397675788667375 -0.180569689585313 -0.239038540221125 0.272291965433948 -0.167549483242497 0.396055375247071 0.282836486340178 -0.411053987643308 0.640009864453729 0.482180805198033 -0.571778789807829 1.00000000000001 -0.256531727003296 -0.343643598408459 -0.255379295113379 0.567591532921126 -0.134970395058987 -0.248723385613726 0.134693944147971 0.540842177154775 0.378205250952028 -0.0397675788667375 -0.180569689585313 -0.239038540221125 0.272291965433948 -0.167549483242497 0.396055375247071 0.282836486340178 -0.411053987643308 -0.0857643881997182 0.125922097345554 0.401086912523416 0.142776659377865 0.428312403894677 -0.225505313180433 0.256659179495929 -0.0943952656730555 -0.220864118883795 0.430108590900726 -0.142377022286046 0.10435303955408
0.428637482236507 -0.102505619816534 -0.0326922002068333 -0.151242186900652 -0.145744601377277 -0.263087244813206 -0.256531727003296 1.00000000000001 0.52547230218104 -0.174684384192481 -0.180889693046742 0.43185764069343 -0.17614014331477 -0.214169352783904 0.359095223074855 -0.129549136147428 -0.0459005032398342 0.719564418666828 -0.149998297302408 -0.126305856172805 -0.0890446912879478 -0.0135007529384862 -0.230598262585687 -0.239959063894147 -0.151242186900652 -0.145744601377277 -0.263087244813206 -0.256531727003296 1.00000000000001 0.52547230218104 -0.174684384192481 -0.180889693046742 0.43185764069343 -0.17614014331477 -0.214169352783904 0.359095223074855 -0.129549136147428 -0.0459005032398342 0.719564418666828 -0.149998297302408 -0.126305856172805 -0.0890446912879478 -0.0135007529384862 -0.230598262585687 -0.239959063894147 -0.0649969780359596 0.16050601495673 -0.0751531881188046 -0.106590337160846 -0.10492686761138 0.379108202585814 0.0714082082391886 0.34449623892933 0.678185206422557 -0.00551692091820807 -0.116466112170939 0.0144580587049607
0.603145836209729 -0.193992310007472 -0.0347071873049213 -0.265467393216155 -0.21448427928228 -0.421021451145212 -0.343643598408459 0.52547230218104 1 0.605595359918435 -0.339228455769985 0.564413134323069 0.473355352038583 0.226679314473074 0.0335455692713917 -0.222962402671157 -0.181639445549938 0.39700459708626 0.31985375698164 -0.23037592478284 -0.163514222629267 -0.159162760649037 0.00580442228104099 -0.328438193707121 -0.265467393216155 -0.21448427928228 -0.421021451145212 -0.343643598408459 0.52547230218104 1 0.605595359918435 -0.339228455769985 0.564413134323069 0.473355352038583 0.226679314473074 0.0335455692713917 -0.222962402671157 -0.181639445549938 0.39700459708626 0.31985375698164 -0.23037592478284 -0.163514222629267 -0.159162760649037 0.00580442228104099 -0.328438193707121 -0.111912981368492 0.0531604651690408 -0.161468528687229 0.194528841213943 0.063255144518123 0.556309529959859 -0.0817325984608574 0.393083693003743 0.39255946959142 -0.161323078862963 0.294580294050547 0.00812676404607137
0.349675367873536 -0.119581550245945 -0.175753450612005 -0.195870746401096 -0.0849095069259352 -0.276268335503392 -0.255379295113379 -0.174684384192481 0.605595359918435 0.999999999999998 -0.196935716920366 0.299286219367214 0.640688555551717 0.387374823944783 -0.304553887748504 -0.120254606353942 -0.13713820069461 -0.114055837258907 0.600197806745743 -0.110197490083861 -0.085804064617441 -0.144795955667497 0.258597278247243 -0.0843318556577675 -0.195870746401096 -0.0849095069259352 -0.276268335503392 -0.255379295113379 -0.174684384192481 0.605595359918435 0.999999999999998 -0.196935716920366 0.299286219367214 0.640688555551717 0.387374823944783 -0.304553887748504 -0.120254606353942 -0.13713820069461 -0.114055837258907 0.600197806745743 -0.110197490083861 -0.085804064617441 -0.144795955667497 0.258597278247243 -0.0843318556577675 -0.064556254595396 -0.0389251376075239 -0.138233481050696 0.293384584366153 0.203395647557477 0.285000276728322 -0.115889920445116 0.178059385941376 -0.0898771147919257 -0.112675211703859 0.532895637386724 0.0787879479000243
-0.187645464068999 0.399818648715602 -0.0588618428486529 0.282361227104816 0.458871625652366 -0.298436326003912 0.567591532921126 -0.180889693046742 -0.339228455769985 -0.196935716920366 0.999999999999999 0.166591593188508 -0.193119497028691 0.292219954973223 0.463554521404955 0.527668467041042 -0.109782861702812 -0.124423932188255 -0.161472566867409 0.605109554427732 -0.0986042404028358 -0.106392642349993 0.214630695909554 -0.350558273701283 0.282361227104816 0.458871625652366 -0.298436326003912 0.567591532921126 -0.180889693046742 -0.339228455769985 -0.196935716920366 0.999999999999999 0.166591593188508 -0.193119497028691 0.292219954973223 0.463554521404955 0.527668467041042 -0.109782861702812 -0.124423932188255 -0.161472566867409 0.605109554427732 -0.0986042404028358 -0.106392642349993 0.214630695909554 -0.350558273701283 -0.127969600674023 0.227157523446605 0.506890561631476 0.281057541211884 0.368490891053083 -0.248259413385536 0.397411005592618 0.129691552449351 -0.198048067695758 0.189603038102774 -0.109270801400166 0.352583289020021
0.431695722220062 -0.205823822260496 -0.010938694315044 -0.292221859057785 0.298128355161694 -0.412119358327981 -0.134970395058987 0.43185764069343 0.564413134323069 0.299286219367214 0.166591593188508 1 0.454103878564315 0.132370498083136 0.272872129697219 -0.251286415859295 -0.178295898165344 0.351153510676535 0.31548656278725 0.435899118867962 -0.150461536100848 -0.172769553900793 0.3730844277334 -0.520119134059963 -0.292221859057785 0.298128355161694 -0.412119358327981 -0.134970395058987 0.43185764069343 0.564413134323069 0.299286219367214 0.166591593188508 1 0.454103878564315 0.132370498083136 0.272872129697219 -0.251286415859295 -0.178295898165344 0.351153510676535 0.31548656278725 0.435899118867962 -0.150461536100848 -0.172769553900793 0.3730844277334 -0.520119134059963 -0.152094151917499 0.354743721158553 -0.248670302273851 0.487152584924228 0.317817692008407 0.43956484275555 -0.124979049055193 0.722058659278101 0.354012921203176 -0.199822733538481 0.26507686510704 0.286875272375289
0.317593074293856 -0.119954117062075 0.00937039754702144 -0.134816637239063 -0.118848956777859 -0.184753838549957 -0.248723385613726 -0.17614014331477 0.473355352038583 0.640688555551717 -0.193119497028691 0.454103878564315 1 0.6687281169418 -0.313210390359691 -0.145307313625808 -0.116389060098955 -0.131889090714702 0.714339017698139 -0.152688409597496 -0.0768172822408803 -0.147141277240056 0.307164874489281 -0.278070159617753 -0.134816637239063 -0.118848956777859 -0.184753838549957 -0.248723385613726 -0.17614014331477 0.473355352038583 0.640688555551717 -0.193119497028691 0.454103878564315 1 0.6687281169418 -0.313210390359691 -0.145307313625808 -0.116389060098955 -0.131889090714702 0.714339017698139 -0.152688409597496 -0.0768172822408803 -0.147141277240056 0.307164874489281 -0.278070159617753 -0.0948698645730637 -0.047888486691256 -0.0929956296238768 0.340722510060113 0.221386956000923 0.454990999518526 -0.158178536116845 0.291972946034944 -0.0607021640571633 -0.151420129364917 0.567920241296567 -0.124747840859169
0.164646461987002 0.353834511444786 -0.0356549615366725 0.268699927358899 -0.193953117865557 -0.347018493662857 0.134693944147971 -0.214169352783904 0.226679314473074 0.387374823944783 0.292219954973223 0.132370498083136 0.6687281169418 0.999999999999996 -0.04394818966801 0.437424726036274 -0.1410857310867 -0.184844043150865 0.45447058345527 -0.236501181943403 -0.142846331752347 -0.153189510998777 0.0615360555704008 -0.411879790393784 0.268699927358899 -0.193953117865557 -0.347018493662857 0.134693944147971 -0.214169352783904 0.226679314473074 0.387374823944783 0.292219954973223 0.132370498083136 0.6687281169418 0.999999999999996 -0.04394818966801 0.437424726036274 -0.1410857310867 -0.184844043150865 0.45447058345527 -0.236501181943403 -0.142846331752347 -0.153189510998777 0.0615360555704008 -0.411879790393784 -0.143513536685393 -0.138969058537258 0.553924571295262 0.207667722726898 0.273248260550155 0.284071334593138 0.300444933993799 0.0548731949165309 -0.11449073639616 0.148546892594953 0.377399875771124 -0.204607927621953
0.282191961241156 0.183464896560407 0.247768245654823 0.408113976168252 0.178306023063474 -0.573699681844792 0.540842177154775 0.359095223074855 0.0335455692713917 -0.304553887748504 0.463554521404955 0.272872129697219 -0.313210390359691 -0.04394818966801 1 0.22837753219597 -0.207522346813423 0.266227254229458 -0.308264899001497 0.262776604050133 -0.207975018220738 0.320563454582515 0.166339275861566 -0.633924704052258 0.408113976168252 0.178306023063474 -0.573699681844792 0.540842177154775 0.359095223074855 0.0335455692713917 -0.304553887748504 0.463554521404955 0.272872129697219 -0.313210390359691 -0.04394818966801 1 0.22837753219597 -0.207522346813423 0.266227254229458 -0.308264899001497 0.262776604050133 -0.207975018220738 0.320563454582515 0.166339275861566 -0.633924704052258 -0.171999073426842 0.177138608366521 0.340310633066192 0.165924395079519 0.392725358623342 0.055865966178996 0.229955140869316 0.179195541392934 0.285888502682907 0.356587237672538 -0.221785929647403 0.202615520293023
-0.116743115734586 0.698262495002746 -0.113487399764781 0.564947481805967 -0.0780643928181202 -0.1976005124511 0.378205250952028 -0.129549136147428 -0.222962402671157 -0.120254606353942 0.527668467041042 -0.251286415859295 -0.145307313625808 0.437424726036274 0.22837753219597 1.00000000000001 -0.0281739813173216 -0.0808019756977319 -0.136989530159402 -0.0886079818503165 -0.0623520685116482 -0.0417166482598331 -0.196048962675418 -0.150424613398019 0.564947481805967 -0.0780643928181202 -0.1976005124511 0.378205250952028 -0.129549136147428 -0.222962402671157 -0.120254606353942 0.527668467041042 -0.251286415859295 -0.145307313625808 0.437424726036274 0.22837753219597 1.00000000000001 -0.0281739813173216 -0.0808019756977319 -0.136989530159402 -0.0886079818503165 -0.0623520685116482 -0.0417166482598331 -0.196048962675418 -0.150424613398019 -0.0684244868444407 -0.117572769310796 0.672896032665436 -0.174548467938053 0.248043721611408 -0.158682565088519 0.794186331000804 -0.207921519193697 -0.123961707000371 0.501719884942572 -0.0485501937513445 -0.10408361628033
