0.999999999999959 -0.226473546774794 0.582776955566121 0.285675125310571 -0.303568440954709 -0.490129297468284 0.0278193853494669 0.368426656562772 0.544081744768648 0.373456756625539 -0.159279029126513 0.279458170135342 0.291924949603489 0.124445261220355 0.375359919794257 -0.111064368032232 -0.187392795735405 0.302686830343942 0.214427243904439 -0.108499949154797 -0.225806572793595 0.477474268694047 0.367880882994204 -0.495678054681534 0.285675125310571 -0.303568440954709 -0.490129297468284 0.0278193853494669 0.368426656562772 0.544081744768648 0.373456756625539 -0.159279029126513 0.279458170135342 0.291924949603489 0.124445261220355 0.375359919794257 -0.111064368032232 -0.187392795735405 0.302686830343942 0.214427243904439 -0.108499949154797 -0.225806572793595 0.477474268694047 0.367880882994204 -0.495678054681534 -0.174476294538108 -0.0414853282290433 -0.108955819475871 0.0574379685995567 0.282177418583787 0.390236711003931 -0.106069730423677 0.192569679238568 0.29483381159263 0.287925785138578 0.251710062584816 -0.00550930199031359
-0.226473546774794 0.999999999999986 -0.119995365307055 0.555334649476649 -0.126946067641925 -0.251560957523436 0.380293834306639 -0.0632256771235432 -0.128911702516885 -0.109285960556626 0.345476780877304 -0.187185798790983 -0.0862938465022345 0.505219341406978 0.197994075586702 0.733040185684964 -0.0638541372456986 -0.0795856806154819 -0.105404322322494 -0.129559641710935 -0.0881121617955654 -0.103842244279972 -0.234476612082139 -0.130373933183839 0.555334649476649 -0.126946067641925 -0.251560957523436 0.380293834306639 -0.0632256771235432 -0.128911702516885 -0.109285960556626 0.345476780877304 -0.187185798790983 -0.0862938465022345 0.505219341406978 0.197994075586702 0.733040185684964 -0.0638541372456986 -0.0795856806154819 -0.105404322322494 -0.129559641710935 -0.0881121617955654 -0.103842244279972 -0.234476612082139 -0.130373933183839 0.137618883655284 -0.0716269475864891 0.72298232613219 -0.182625143508768 0.178667977391239 -0.122896650596617 0.71511967839566 -0.204408898088159 -0.0693068552192986 0.418785873767179 -0.0957249934933517 -0.112833189914303
0.582776955566121 -0.119995365307055 0.999999999999956 0.565570559710485 -0.184194408332546 -0.16276990612362 0.358222949726379 -0.13636714423629 -0.233333501971941 -0.168375290006932 0.0189212400224798 -0.0721698997374293 -0.127598214656355 -0.175348130780362 0.473260675794164 -0.112168480780378 -0.109095062847486 -0.112984864073146 -0.146243484750393 0.095858476165881 -0.137599967313169 0.805273066239756 0.544688751701892 -0.39479680347467 0.565570559710485 -0.184194408332546 -0.16276990612362 0.358222949726379 -0.13636714423629 -0.233333501971941 -0.168375290006932 0.0189212400224798 -0.0721698997374293 -0.127598214656355 -0.175348130780362 0.473260675794164 -0.112168480780378 -0.109095062847486 -0.112984864073146 -0.146243484750393 0.095858476165881 -0.137599967313169 0.805273066239756 0.544688751701892 -0.39479680347467 -0.105120974178038 -0.130836561912509 -0.110737140292164 -0.103526742222558 0.336599168915974 -0.144643526979667 -0.119921798955906 -0.145001536804672 -0.0985377012756431 0.52651576993062 -0.098344378889371 -0.0704181738877925
0.285675125310571 0.555334649476649 0.565570559710485 1.00000000000008 -0.224880673311717 -0.466953182143521 0.699190373918614 -0.138999427260105 -0.255550651298197 -0.196529928685328 0.12599592109007 -0.353258116434232 -0.153699895787689 0.293752116113444 0.491239174326377 0.519989887285731 -0.114321723651063 -0.129901711180269 -0.186695241427895 -0.231857479644533 -0.167082574613893 0.685067807683353 0.181040034815408 -0.380371812328268 1.00000000000008 -0.224880673311717 -0.466953182143521 0.699190373918614 -0.138999427260105 -0.255550651298197 -0.196529928685328 0.12599592109007 -0.353258116434232 -0.153699895787689 0.293752116113444 0.491239174326377 0.519989887285731 -0.114321723651063 -0.129901711180269 -0.186695241427895 -0.231857479644533 -0.167082574613893 0.685067807683353 0.181040034815408 -0.380371812328268 -0.00408668045355417 -0.139481893751493 0.514907323122761 -0.286763409448323 0.425929760496197 -0.180259870182106 0.469777956233955 -0.325900526201131 -0.114521925167261 0.838212032229151 -0.128379918340671 -0.223130553096236
-0.303568440954709 -0.126946067641925 -0.184194408332546 -0.224880673311717 0.999999999999993 -0.369698284016832 0.534197937906111 -0.113662769216392 -0.129741385852042 -0.0861281594475245 0.56656483794655 0.480445813719263 -0.106931166155865 -0.171362747806065 0.332785835944326 -0.122197777044775 0.0548070279854343 -0.0638081613037657 -0.121076865533512 0.710533099249337 -0.129541822209065 -0.152730383924458 0.38261160746454 -0.257638843456112 -0.224880673311717 0.999999999999993 -0.369698284016832 0.534197937906111 -0.113662769216392 -0.129741385852042 -0.0861281594475245 0.56656483794655 0.480445813719263 -0.106931166155865 -0.171362747806065 0.332785835944326 -0.122197777044775 0.0548070279854343 -0.0638081613037657 -0.121076865533512 0.710533099249337 -0.129541822209065 -0.152730383924458 0.38261160746454 -0.257638843456112 -0.102178380392443 0.411063454665936 -0.126038496718545 0.52288675606651 0.307107909766288 -0.127747452554576 -0.131573700236933 0.465128775870617 -0.0613312485911174 -0.203484915522127 -0.109592572060424 0.551557441668634
-0.490129297468284 -0.251560957523436 -0.16276990612362 -0.466953182143521 -0.369698284016832 1.00000000000002 -0.678536296269788 -0.277485951952191 -0.444652259577231 -0.308877882263278 -0.282122339765471 -0.406468082324273 -0.225023375983428 -0.344811267663252 -0.619361364412565 -0.236436178731843 0.146121172365997 -0.232658227618141 -0.124652641479598 -0.133279166483563 0.341459645390495 -0.326755894445726 -0.402247557673654 0.675837013649156 -0.466953182143521 -0.369698284016832 1.00000000000002 -0.678536296269788 -0.277485951952191 -0.444652259577231 -0.308877882263278 -0.282122339765471 -0.406468082324273 -0.225023375983428 -0.344811267663252 -0.619361364412565 -0.236436178731843 0.146121172365997 -0.232658227618141 -0.124652641479598 -0.133279166483563 0.341459645390495 -0.326755894445726 -0.402247557673654 0.675837013649156 0.173332188420994 -0.236469285795169 -0.230264855456012 -0.295689672190839 -0.591939354989852 -0.294792572324484 -0.226159485864682 -0.388592155005705 -0.233644580272646 -0.402089867769866 -0.183324177396415 -0.255525002111247
0.0278193853494669 0.380293834306639 0.358222949726379 0.699190373918614 0.534197937906111 -0.678536296269788 1.00000000000002 -0.203582500148959 -0.315543875003711 -0.232918478285105 0.524689898463072 0.0444799965246053 -0.211700518510448 0.131240641370091 0.673392003034326 0.364143171205828 -0.05821516476457 -0.158932049734168 -0.250338897459644 0.318116357511858 -0.239566763226991 0.485107349509501 0.438810995333629 -0.522091102014287 0.699190373918614 0.534197937906111 -0.678536296269788 1.00000000000002 -0.203582500148959 -0.315543875003711 -0.232918478285105 0.524689898463072 0.0444799965246053 -0.211700518510448 0.131240641370091 0.673392003034326 0.364143171205828 -0.05821516476457 -0.158932049734168 -0.250338897459644 0.318116357511858 -0.239566763226991 0.485107349509501 0.438810995333629 -0.522091102014287 -0.0786759485664365 0.179642574481428 0.356944597900237 0.13398800245728 0.597294389257128 -0.248890115808433 0.313786326431127 0.0570544353451164 -0.143874125691734 0.581889213463323 -0.19142926276523 0.209077172781452
0.368426656562772 -0.0632256771235432 -0.13636714423629 -0.138999427260105 -0.113662769216392 -0.277485951952191 -0.203582500148959 0.999999999999949 0.58987583806145 -0.113345604306007 -0.175322213323879 0.430204504142586 -0.0748999777014394 -0.128431122325773 0.323394945633125 -0.0988447029769448 -0.0829147425825617 0.806054084129697 -0.0815870738002048 -0.133688871523074 -0.0869428217349814 -0.100308442356853 -0.221481569702905 -0.268446698045616 -0.138999427260105 -0.113662769216392 -0.277485951952191 -0.203582500148959 0.999999999999949 0.58987583806145 -0.113345604306007 -0.175322213323879 0.430204504142586 -0.0748999777014394 -0.128431122325773 0.323394945633125 -0.0988447029769448 -0.0829147425825617 0.806054084129697 -0.0815870738002048 -0.133688871523074 -0.0869428217349814 -0.100308442356853 -0.221481569702905 -0.268446698045616 -0.0711775058993121 0.202084742079444 -0.0962612118855302 -0.00409934737976701 -0.0652436959057908 0.441427963414711 0.0127487513085316 0.35698813035859 0.754814810618959 -0.0648949810366903 -0.0825614992600359 0.025585726661463
0.544081744768648 -0.128911702516885 -0.233333501971941 -0.255550651298197 -0.129741385852042 -0.444652259577231 -0.315543875003711 0.58987583806145 1 0.721086717114843 -0.300695591393145 0.459282181921968 0.539432731717817 0.266001520380133 -0.049185937276138 -0.15524728965714 -0.125387783943428 0.499413124469647 0.455619041172137 -0.232168389839409 -0.148118993079939 -0.190012678210399 -0.0482445634197432 -0.202867574425787 -0.255550651298197 -0.129741385852042 -0.444652259577231 -0.315543875003711 0.58987583806145 1 0.721086717114843 -0.300695591393145 0.459282181921968 0.539432731717817 0.266001520380133 -0.049185937276138 -0.15524728965714 -0.125387783943428 0.499413124469647 0.455619041172137 -0.232168389839409 -0.148118993079939 -0.190012678210399 -0.0482445634197432 -0.202867574425787 -0.121467812419278 0.0659109618589574 -0.154570929173306 0.192910105713049 8.12825514070299e-06 0.680202324997991 -0.091636320263556 0.410454772615826 0.48093909158025 -0.206712865820431 0.447466496108858 0.0881973016525663
0.373456756625539 -0.109285960556626 -0.168375290006932 -0.196529928685328 -0.0861281594475245 -0.308877882263278 -0.232918478285105 -0.113345604306007 0.721086717114843 1.00000000000004 -0.221484010215315 0.187141425364323 0.735841677227068 0.442954415745173 -0.348348560185002 -0.106326092505542 -0.0814222721379342 -0.10228056518418 0.639303434846231 -0.172722349837136 -0.107433654869556 -0.143768909388083 0.13644514325506 -0.0127148969520934 -0.196529928685328 -0.0861281594475245 -0.308877882263278 -0.232918478285105 -0.113345604306007 0.721086717114843 1.00000000000004 -0.221484010215315 0.187141425364323 0.735841677227068 0.442954415745173 -0.348348560185002 -0.106326092505542 -0.0814222721379342 -0.10228056518418 0.639303434846231 -0.172722349837136 -0.107433654869556 -0.143768909388083 0.13644514325506 -0.0127148969520934 -0.0892539276764524 -0.0881687932387908 -0.107607089628601 0.246873151835596 0.0629620731562138 0.447045544820304 -0.125096042228051 0.191953963209125 -0.080892671501757 -0.196531004815874 0.629500342909751 0.0924757476952757
-0.159279029126513 0.345476780877304 0.0189212400224798 0.12599592109007 0.56656483794655 -0.282122339765471 0.524689898463072 -0.175322213323879 -0.300695591393145 -0.221484010215315 0.999999999999937 0.445283346813374 -0.162846698738662 0.260456767705645 0.621460986106382 0.490999582194853 -0.121332488582828 -0.149313179500858 -0.181422630479302 0.758339771396101 -0.177324209927476 -0.21634185018824 0.341322183868197 -0.499180926889806 0.12599592109007 0.56656483794655 -0.282122339765471 0.524689898463072 -0.175322213323879 -0.300695591393145 -0.221484010215315 0.999999999999937 0.445283346813374 -0.162846698738662 0.260456767705645 0.621460986106382 0.490999582194853 -0.121332488582828 -0.149313179500858 -0.181422630479302 0.758339771396101 -0.177324209927476 -0.21634185018824 0.341322183868197 -0.499180926889806 -0.133136416413852 0.270753930798391 0.482025040683115 0.417789494558644 0.485708553721916 -0.227861544680157 0.421855401872043 0.327118639418389 -0.141846525342457 0.130822146197021 -0.166578582463871 0.45761787114257
0.279458170135342 -0.187185798790983 -0.0721698997374293 -0.353258116434232 0.480445813719263 -0.406468082324273 0.0444799965246053 0.430204504142586 0.459282181921968 0.187141425364323 0.445283346813374 0.999999999999996 0.391933219099074 0.123062305566594 0.454886540960269 -0.205206854036647 -0.163626763059837 0.367561564365281 0.315279660330317 0.619012099326408 -0.194621685872173 -0.264728393207559 0.486467276902519 -0.611218441350271 -0.353258116434232 0.480445813719263 -0.406468082324273 0.0444799965246053 0.430204504142586 0.459282181921968 0.187141425364323 0.445283346813374 0.999999999999996 0.391933219099074 0.123062305566594 0.454886540960269 -0.205206854036647 -0.163626763059837 0.367561564365281 0.315279660330317 0.619012099326408 -0.194621685872173 -0.264728393207559 0.486467276902519 -0.611218441350271 -0.168520730558757 0.36703833880427 -0.206330301682877 0.713049534435522 0.394789997893902 0.487849662342417 -0.146135829139684 0.839558668029944 0.348219282429081 -0.300438022992315 0.316213972338613 0.42706060322342
0.291924949603489 -0.0862938465022345 -0.127598214656355 -0.153699895787689 -0.106931166155865 -0.225023375983428 -0.211700518510448 -0.0748999777014394 0.539432731717817 0.735841677227068 -0.162846698738662 0.391933219099074 0.999999999999997 0.65083653715741 -0.254717387338625 -0.0890077120438577 -0.0589204039398502 -0.0649310834326864 0.878824596472232 -0.129908321701912 -0.0723553523710835 -0.109954144985176 0.331616208760272 -0.237463691022904 -0.153699895787689 -0.106931166155865 -0.225023375983428 -0.211700518510448 -0.0748999777014394 0.539432731717817 0.735841677227068 -0.162846698738662 0.391933219099074 0.999999999999997 0.65083653715741 -0.254717387338625 -0.0890077120438577 -0.0589204039398502 -0.0649310834326864 0.878824596472232 -0.129908321701912 -0.0723553523710835 -0.109954144985176 0.331616208760272 -0.237463691022904 -0.0775302127945968 -0.0657882188855385 -0.0886315764423854 0.435139822094778 0.269663867442662 0.653602394728735 -0.0940471290212141 0.382974053461882 -0.0553170512118533 -0.151259309990876 0.865470189493837 -0.130896009860558
0.124445261220355 0.505219341406978 -0.175348130780362 0.293752116113444 -0.171362747806065 -0.344811267663252 0.131240641370091 -0.128431122325773 0.266001520380133 0.442954415745173 0.260456767705645 0.123062305566594 0.65083653715741 0.999999999999903 0.0592218543693231 0.687321629667829 -0.0885278795626128 -0.109276194082413 0.55212841631268 -0.186888056150237 -0.138185189279848 -0.157210109896457 0.0648813184633559 -0.362555410401592 0.293752116113444 -0.171362747806065 -0.344811267663252 0.131240641370091 -0.128431122325773 0.266001520380133 0.442954415745173 0.260456767705645 0.123062305566594 0.65083653715741 0.999999999999903 0.0592218543693231 0.687321629667829 -0.0885278795626128 -0.109276194082413 0.55212841631268 -0.186888056150237 -0.138185189279848 -0.157210109896457 0.0648813184633559 -0.362555410401592 -0.107898555694519 -0.0966064140229834 0.680059972445319 0.17994403204522 0.406498468483741 0.371087256723363 0.6045411998419 0.120793291362586 -0.100911179773163 0.297863741089778 0.550744659090098 -0.181078878397164
0.375359919794257 0.197994075586702 0.473260675794164 0.491239174326377 0.332785835944326 -0.619361364412565 0.673392003034326 0.323394945633125 -0.049185937276138 -0.348348560185002 0.621460986106382 0.454886540960269 -0.254717387338625 0.0592218543693231 0.999999999999905 0.311344678287783 -0.213193904472937 0.278176699550069 -0.288066299671812 0.463984237683414 -0.283975452987509 0.40038787978395 0.473112316893999 -0.813187109339823 0.491239174326377 0.332785835944326 -0.619361364412565 0.673392003034326 0.323394945633125 -0.049185937276138 -0.348348560185002 0.621460986106382 0.454886540960269 -0.254717387338625 0.0592218543693231 0.999999999999905 0.311344678287783 -0.213193904472937 0.278176699550069 -0.288066299671812 0.463984237683414 -0.283975452987509 0.40038787978395 0.473112316893999 -0.813187109339823 -0.223936158246173 0.275174209600566 0.306061242422841 0.231500160692429 0.62768728406938 -0.00545563080059113 0.311220574894554 0.345623549467703 0.267291787448797 0.517013162543927 -0.23302187065437 0.289616410318157
-0.111064368032232 0.733040185684964 -0.112168480780378 0.519989887285731 -0.122197777044775 -0.236436178731843 0.364143171205828 -0.0988447029769448 -0.15524728965714 -0.106326092505542 0.490999582194853 -0.205206854036647 -0.0890077120438577 0.687321629667829 0.311344678287783 0.999999999999967 -0.0596982713964336 -0.0829689727406888 -0.105749552918266 -0.128071749510781 -0.111326571347047 -0.105994624984608 -0.234987973844726 -0.250910420836074 0.519989887285731 -0.122197777044775 -0.236436178731843 0.364143171205828 -0.0988447029769448 -0.15524728965714 -0.106326092505542 0.490999582194853 -0.205206854036647 -0.0890077120438577 0.687321629667829 0.311344678287783 0.999999999999967 -0.0596982713964336 -0.0829689727406888 -0.105749552918266 -0.128071749510781 -0.111326571347047 -0.105994624984608 -0.234987973844726 -0.250910420836074 -0.0692327616861794 -0.0640297317985271 0.981825642004641 -0.175676649832271 0.274340464834222 -0.131109142239676 0.881093166063368 -0.204380195924323 -0.0810111743499109 0.529251696112971 -0.094941778894879 -0.114940314711926
-0.187392795735405 -0.0638541372456986 -0.109095062847486 -0.114321723651063 0.0548070279854343 0.146121172365997 -0.05821516476457 -0.0829147425825617 -0.125387783943428 -0.0814222721379342 -0.121332488582828 -0.163626763059837 -0.0589204039398502 -0.0885278795626128 -0.213193904472937 -0.0596982713964336 1.00000000000004 -0.070262225365423 -0.0645926371654922 -0.109510085672343 -0.0804932665553854 -0.0852595084801283 -0.182251530672271 0.258558599944971 -0.114321723651063 0.0548070279854343 0.146121172365997 -0.05821516476457 -0.0829147425825617 -0.125387783943428 -0.0814222721379342 -0.121332488582828 -0.163626763059837 -0.0589204039398502 -0.0885278795626128 -0.213193904472937 -0.0596982713964336 1.00000000000004 -0.070262225365423 -0.0645926371654922 -0.109510085672343 -0.0804932665553854 -0.0852595084801283 -0.182251530672271 0.258558599944971 -0.0521410729679791 -0.0486357141105213 -0.0603523501301515 -0.128838945015547 -0.192186513936972 -0.104630149990639 -0.0412413858620212 -0.159535795937544 -0.082462591803142 -0.0945835972758531 -0.0626521111945717 -0.114107116217838
0.302686830343942 -0.0795856806154819 -0.112984864073146 -0.129901711180269 -0.0638081613037657 -0.232658227618141 -0.158932049734168 0.806054084129697 0.499413124469647 -0.10228056518418 -0.149313179500858 0.367561564365281 -0.0649310834326864 -0.109276194082413 0.278176699550069 -0.0829689727406888 -0.070262225365423 0.999999999999952 -0.0797938429902399 -0.113602685660877 -0.0694136371373397 -0.0878199501938738 -0.196049295579307 -0.23687229165752 -0.129901711180269 -0.0638081613037657 -0.232658227618141 -0.158932049734168 0.806054084129697 0.499413124469647 -0.10228056518418 -0.149313179500858 0.367561564365281 -0.0649310834326864 -0.109276194082413 0.278176699550069 -0.0829689727406888 -0.070262225365423 0.999999999999952 -0.0797938429902399 -0.113602685660877 -0.0694136371373397 -0.0878199501938738 -0.196049295579307 -0.23687229165752 -0.0653256321866203 0.259743741786896 -0.0837751582868156 0.0396307015191176 -0.073398625909987 0.403061011276692 -0.0822174154569272 0.367520629187028 0.697118638389724 -0.121189927975227 -0.081569728846348 0.0591533792185752
0.214427243904439 -0.105404322322494 -0.146243484750393 -0.186695241427895 -0.121076865533512 -0.124652641479598 -0.250338897459644 -0.0815870738002048 0.455619041172137 0.639303434846231 -0.181422630479302 0.315279660330317 0.878824596472232 0.55212841631268 -0.288066299671812 -0.105749552918266 -0.0645926371654922 -0.0797938429902399 1.00000000000007 -0.14084603256026 -0.0777546869336972 -0.132781159367194 0.377543433270549 -0.261016117579247 -0.186695241427895 -0.121076865533512 -0.124652641479598 -0.250338897459644 -0.0815870738002048 0.455619041172137 0.639303434846231 -0.181422630479302 0.315279660330317 0.878824596472232 0.55212841631268 -0.288066299671812 -0.105749552918266 -0.0645926371654922 -0.0797938429902399 1.00000000000007 -0.14084603256026 -0.0777546869336972 -0.132781159367194 0.377543433270549 -0.261016117579247 -0.0866097003041026 -0.0735210833067472 -0.10591351395063 0.496601638304125 0.301437517566514 0.66263141634524 -0.111820874667425 0.437552734682558 -0.0629031199681454 -0.18056226209277 0.885206065700586 -0.137480814015848
-0.108499949154797 -0.129559641710935 0.095858476165881 -0.231857479644533 0.710533099249337 -0.133279166483563 0.318116357511858 -0.133688871523074 -0.232168389839409 -0.172722349837136 0.758339771396101 0.619012099326408 -0.129908321701912 -0.186888056150237 0.463984237683414 -0.128071749510781 -0.109510085672343 -0.113602685660877 -0.14084603256026 1.00000000000003 -0.145093494241642 -0.177953769843272 0.581134253834349 -0.420979417003935 -0.231857479644533 0.710533099249337 -0.133279166483563 0.318116357511858 -0.133688871523074 -0.232168389839409 -0.172722349837136 0.758339771396101 0.619012099326408 -0.129908321701912 -0.186888056150237 0.463984237683414 -0.128071749510781 -0.109510085672343 -0.113602685660877 -0.14084603256026 1.00000000000003 -0.145093494241642 -0.177953769843272 0.581134253834349 -0.420979417003935 -0.111742851185518 0.348330573510584 -0.126867767430869 0.634039301279195 0.387934348349688 -0.175319921192653 -0.136980741022483 0.546380470640441 -0.108961714310466 -0.227072498618691 -0.129142168568195 0.594339626982989
-0.225806572793595 -0.0881121617955654 -0.137599967313169 -0.167082574613893 -0.129541822209065 0.341459645390495 -0.239566763226991 -0.0869428217349814 -0.148118993079939 -0.107433654869556 -0.177324209927476 -0.194621685872173 -0.0723553523710835 -0.138185189279848 -0.283975452987509 -0.111326571347047 -0.0804932665553854 -0.0694136371373397 -0.0777546869336972 -0.145093494241642 0.999999999999974 -0.119268448566052 -0.241269930201048 0.346426562072848 -0.167082574613893 -0.129541822209065 0.341459645390495 -0.239566763226991 -0.0869428217349814 -0.148118993079939 -0.107433654869556 -0.177324209927476 -0.194621685872173 -0.0723553523710835 -0.138185189279848 -0.283975452987509 -0.111326571347047 -0.0804932665553854 -0.0694136371373397 -0.0777546869336972 -0.145093494241642 0.999999999999974 -0.119268448566052 -0.241269930201048 0.346426562072848 -0.0571070814661921 -0.0885320909905815 -0.111226896831044 -0.180915241631864 -0.300126767280737 -0.108694884507376 -0.115039440408968 -0.201374277818465 -0.0633002494806981 -0.168794360226847 -0.0813645504460366 -0.153343789915841
0.477474268694047 -0.103842244279972 0.805273066239756 0.685067807683353 -0.152730383924458 -0.326755894445726 0.485107349509501 -0.100308442356853 -0.190012678210399 -0.143768909388083 -0.21634185018824 -0.264728393207559 -0.109954144985176 -0.157210109896457 0.40038787978395 -0.105994624984608 -0.0852595084801283 -0.0878199501938738 -0.132781159367194 -0.177953769843272 -0.119268448566052 0.999999999999928 0.471497164031232 -0.343980934878191 0.685067807683353 -0.152730383924458 -0.326755894445726 0.485107349509501 -0.100308442356853 -0.190012678210399 -0.143768909388083 -0.21634185018824 -0.264728393207559 -0.109954144985176 -0.157210109896457 0.40038787978395 -0.105994624984608 -0.0852595084801283 -0.0878199501938738 -0.132781159367194 -0.177953769843272 -0.119268448566052 0.999999999999928 0.471497164031232 -0.343980934878191 -0.103601278190882 -0.109887440111399 -0.104158107296508 -0.196761893820637 0.373867739980966 -0.103869436627404 -0.109115319826633 -0.2200274002275 -0.0698073145683391 0.675946919614949 -0.0703311578141016 -0.180307543613898
0.367880882994204 -0.234476612082139 0.544688751701892 0.181040034815408 0.38261160746454 -0.402247557673654 0.438810995333629 -0.221481569702905 -0.0482445634197432 0.13644514325506 0.341322183868197 0.486467276902519 0.331616208760272 0.0648813184633559 0.473112316893999 -0.234987973844726 -0.182251530672271 -0.196049295579307 0.377543433270549 0.581134253834349 -0.241269930201048 0.471497164031232 1.00000000000004 -0.718730585245928 0.181040034815408 0.38261160746454 -0.402247557673654 0.438810995333629 -0.221481569702905 -0.0482445634197432 0.13644514325506 0.341322183868197 0.486467276902519 0.331616208760272 0.0648813184633559 0.473112316893999 -0.234987973844726 -0.182251530672271 -0.196049295579307 0.377543433270549 0.581134253834349 -0.241269930201048 0.471497164031232 1.00000000000004 -0.718730585245928 -0.209397277146764 0.155233243860496 -0.232874339210979 0.650661505712499 0.736850820320905 0.174754904683635 -0.24766164971397 0.531075061106765 -0.170206188938225 0.182085992664018 0.363184397970668 0.263311617590291
-0.495678054681534 -0.130373933183839 -0.39479680347467 -0.380371812328268 -0.257638843456112 0.675837013649156 -0.522091102014287 -0.268446698045616 -0.202867574425787 -0.0127148969520934 -0.499180926889806 -0.611218441350271 -0.237463691022904 -0.362555410401592 -0.813187109339823 -0.250910420836074 0.258558599944971 -0.23687229165752 -0.261016117579247 -0.420979417003935 0.346426562072848 -0.343980934878191 -0.718730585245928 1.00000000000002 -0.380371812328268 -0.257638843456112 0.675837013649156 -0.522091102014287 -0.268446698045616 -0.202867574425787 -0.0127148969520934 -0.499180926889806 -0.611218441350271 -0.237463691022904 -0.362555410401592 -0.813187109339823 -0.250910420836074 0.258558599944971 -0.23687229165752 -0.261016117579247 -0.420979417003935 0.346426562072848 -0.343980934878191 -0.718730585245928 1.00000000000002 0.28483342143189 -0.230752465009874 -0.256978566246369 -0.534842169394307 -0.832006803177442 -0.358534483599132 -0.251301865172324 -0.614999322251783 -0.233906898183812 -0.43191374541471 -0.252225692687546 -0.20654032542787
0.285675125310571 0.555334649476649 0.565570559710485 1.00000000000008 -0.224880673311717 -0.466953182143521 0.699190373918614 -0.138999427260105 -0.255550651298197 -0.196529928685328 0.12599592109007 -0.353258116434232 -0.153699895787689 0.293752116113444 0.491239174326377 0.519989887285731 -0.114321723651063 -0.129901711180269 -0.186695241427895 -0.231857479644533 -0.167082574613893 0.685067807683353 0.181040034815408 -0.380371812328268 1.00000000000008 -0.224880673311717 -0.466953182143521 0.699190373918614 -0.138999427260105 -0.255550651298197 -0.196529928685328 0.12599592109007 -0.353258116434232 -0.153699895787689 0.293752116113444 0.491239174326377 0.519989887285731 -0.114321723651063 -0.129901711180269 -0.186695241427895 -0.231857479644533 -0.167082574613893 0.685067807683353 0.181040034815408 -0.380371812328268 -0.00408668045355417 -0.139481893751493 0.514907323122761 -0.286763409448323 0.425929760496197 -0.180259870182106 0.469777956233955 -0.325900526201131 -0.114521925167261 0.838212032229151 -0.128379918340671 -0.223130553096236
-0.303568440954709 -0.126946067641925 -0.184194408332546 -0.224880673311717 0.999999999999993 -0.369698284016832 0.534197937906111 -0.113662769216392 -0.129741385852042 -0.0861281594475245 0.56656483794655 0.480445813719263 -0.106931166155865 -0.171362747806065 0.332785835944326 -0.122197777044775 0.0548070279854343 -0.0638081613037657 -0.121076865533512 0.710533099249337 -0.129541822209065 -0.152730383924458 0.38261160746454 -0.257638843456112 -0.224880673311717 0.999999999999993 -0.369698284016832 0.534197937906111 -0.113662769216392 -0.129741385852042 -0.0861281594475245 0.56656483794655 0.480445813719263 -0.106931166155865 -0.171362747806065 0.332785835944326 -0.122197777044775 0.0548070279854343 -0.0638081613037657 -0.121076865533512 0.710533099249337 -0.129541822209065 -0.152730383924458 0.38261160746454 -0.257638843456112 -0.102178380392443 0.411063454665936 -0.126038496718545 0.52288675606651 0.307107909766288 -0.127747452554576 -0.131573700236933 0.465128775870617 -0.0613312485911174 -0.203484915522127 -0.109592572060424 0.551557441668634
-0.490129297468284 -0.251560957523436 -0.16276990612362 -0.466953182143521 -0.369698284016832 1.00000000000002 -0.678536296269788 -0.277485951952191 -0.444652259577231 -0.308877882263278 -0.282122339765471 -0.406468082324273 -0.225023375983428 -0.344811267663252 -0.619361364412565 -0.236436178731843 0.146121172365997 -0.232658227618141 -0.124652641479598 -0.133279166483563 0.341459645390495 -0.326755894445726 -0.402247557673654 0.675837013649156 -0.466953182143521 -0.369698284016832 1.00000000000002 -0.678536296269788 -0.277485951952191 -0.444652259577231 -0.308877882263278 -0.282122339765471 -0.406468082324273 -0.225023375983428 -0.344811267663252 -0.619361364412565 -0.236436178731843 0.146121172365997 -0.232658227618141 -0.124652641479598 -0.133279166483563 0.341459645390495 -0.326755894445726 -0.402247557673654 0.675837013649156 0.173332188420994 -0.236469285795169 -0.230264855456012 -0.295689672190839 -0.591939354989852 -0.294792572324484 -0.226159485864682 -0.388592155005705 -0.233644580272646 -0.402089867769866 -0.183324177396415 -0.255525002111247
0.0278193853494669 0.380293834306639 0.358222949726379 0.699190373918614 0.534197937906111 -0.678536296269788 1.00000000000002 -0.203582500148959 -0.315543875003711 -0.232918478285105 0.524689898463072 0.0444799965246053 -0.211700518510448 0.131240641370091 0.673392003034326 0.364143171205828 -0.05821516476457 -0.158932049734168 -0.250338897459644 0.318116357511858 -0.239566763226991 0.485107349509501 0.438810995333629 -0.522091102014287 0.699190373918614 0.534197937906111 -0.678536296269788 1.00000000000002 -0.203582500148959 -0.315543875003711 -0.232918478285105 0.524689898463072 0.0444799965246053 -0.211700518510448 0.131240641370091 0.673392003034326 0.364143171205828 -0.05821516476457 -0.158932049734168 -0.250338897459644 0.318116357511858 -0.239566763226991 0.485107349509501 0.438810995333629 -0.522091102014287 -0.0786759485664365 0.179642574481428 0.356944597900237 0.13398800245728 0.597294389257128 -0.248890115808433 0.313786326431127 0.0570544353451164 -0.143874125691734 0.581889213463323 -0.19142926276523 0.209077172781452
0.368426656562772 -0.0632256771235432 -0.13636714423629 -0.138999427260105 -0.113662769216392 -0.277485951952191 -0.203582500148959 0.999999999999949 0.58987583806145 -0.113345604306007 -0.175322213323879 0.430204504142586 -0.0748999777014394 -0.128431122325773 0.323394945633125 -0.0988447029769448 -0.0829147425825617 0.806054084129697 -0.0815870738002048 -0.133688871523074 -0.0869428217349814 -0.100308442356853 -0.221481569702905 -0.268446698045616 -0.138999427260105 -0.113662769216392 -0.277485951952191 -0.203582500148959 0.999999999999949 0.58987583806145 -0.113345604306007 -0.175322213323879 0.430204504142586 -0.0748999777014394 -0.128431122325773 0.323394945633125 -0.0988447029769448 -0.0829147425825617 0.806054084129697 -0.0815870738002048 -0.133688871523074 -0.0869428217349814 -0.100308442356853 -0.221481569702905 -0.268446698045616 -0.0711775058993121 0.202084742079444 -0.0962612118855302 -0.00409934737976701 -0.0652436959057908 0.441427963414711 0.0127487513085316 0.35698813035859 0.754814810618959 -0.0648949810366903 -0.0825614992600359 0.025585726661463
0.544081744768648 -0.128911702516885 -0.233333501971941 -0.255550651298197 -0.129741385852042 -0.444652259577231 -0.315543875003711 0.58987583806145 1 0.721086717114843 -0.300695591393145 0.459282181921968 0.539432731717817 0.266001520380133 -0.049185937276138 -0.15524728965714 -0.125387783943428 0.499413124469647 0.455619041172137 -0.232168389839409 -0.148118993079939 -0.190012678210399 -0.0482445634197432 -0.202867574425787 -0.255550651298197 -0.129741385852042 -0.444652259577231 -0.315543875003711 0.58987583806145 1 0.721086717114843 -0.300695591393145 0.459282181921968 0.539432731717817 0.266001520380133 -0.049185937276138 -0.15524728965714 -0.125387783943428 0.499413124469647 0.455619041172137 -0.232168389839409 -0.148118993079939 -0.190012678210399 -0.0482445634197432 -0.202867574425787 -0.121467812419278 0.0659109618589574 -0.154570929173306 0.192910105713049 8.12825514070299e-06 0.680202324997991 -0.091636320263556 0.410454772615826 0.48093909158025 -0.206712865820431 0.447466496108858 0.0881973016525663
0.373456756625539 -0.109285960556626 -0.168375290006932 -0.196529928685328 -0.0861281594475245 -0.308877882263278 -0.232918478285105 -0.113345604306007 0.721086717114843 1.00000000000004 -0.221484010215315 0.187141425364323 0.735841677227068 0.442954415745173 -0.348348560185002 -0.106326092505542 -0.0814222721379342 -0.10228056518418 0.639303434846231 -0.172722349837136 -0.107433654869556 -0.143768909388083 0.13644514325506 -0.0127148969520934 -0.196529928685328 -0.0861281594475245 -0.308877882263278 -0.232918478285105 -0.113345604306007 0.721086717114843 1.00000000000004 -0.221484010215315 0.187141425364323 0.735841677227068 0.442954415745173 -0.348348560185002 -0.106326092505542 -0.0814222721379342 -0.10228056518418 0.639303434846231 -0.172722349837136 -0.107433654869556 -0.143768909388083 0.13644514325506 -0.0127148969520934 -0.0892539276764524 -0.0881687932387908 -0.107607089628601 0.246873151835596 0.0629620731562138 0.447045544820304 -0.125096042228051 0.191953963209125 -0.080892671501757 -0.196531004815874 0.629500342909751 0.0924757476952757
-0.159279029126513 0.345476780877304 0.0189212400224798 0.12599592109007 0.56656483794655 -0.282122339765471 0.524689898463072 -0.175322213323879 -0.300695591393145 -0.221484010215315 0.999999999999937 0.445283346813374 -0.162846698738662 0.260456767705645 0.621460986106382 0.490999582194853 -0.121332488582828 -0.149313179500858 -0.181422630479302 0.758339771396101 -0.177324209927476 -0.21634185018824 0.341322183868197 -0.499180926889806 0.12599592109007 0.56656483794655 -0.282122339765471 0.524689898463072 -0.175322213323879 -0.300695591393145 -0.221484010215315 0.999999999999937 0.445283346813374 -0.162846698738662 0.260456767705645 0.621460986106382 0.490999582194853 -0.121332488582828 -0.149313179500858 -0.181422630479302 0.758339771396101 -0.177324209927476 -0.21634185018824 0.341322183868197 -0.499180926889806 -0.133136416413852 0.270753930798391 0.482025040683115 0.417789494558644 0.485708553721916 -0.227861544680157 0.421855401872043 0.327118639418389 -0.141846525342457 0.130822146197021 -0.166578582463871 0.45761787114257
0.279458170135342 -0.187185798790983 -0.0721698997374293 -0.353258116434232 0.480445813719263 -0.406468082324273 0.0444799965246053 0.430204504142586 0.459282181921968 0.187141425364323 0.445283346813374 0.999999999999996 0.391933219099074 0.123062305566594 0.454886540960269 -0.205206854036647 -0.163626763059837 0.367561564365281 0.315279660330317 0.619012099326408 -0.194621685872173 -0.264728393207559 0.486467276902519 -0.611218441350271 -0.353258116434232 0.480445813719263 -0.406468082324273 0.0444799965246053 0.430204504142586 0.459282181921968 0.187141425364323 0.445283346813374 0.999999999999996 0.391933219099074 0.123062305566594 0.454886540960269 -0.205206854036647 -0.163626763059837 0.367561564365281 0.315279660330317 0.619012099326408 -0.194621685872173 -0.264728393207559 0.486467276902519 -0.611218441350271 -0.168520730558757 0.36703833880427 -0.206330301682877 0.713049534435522 0.394789997893902 0.487849662342417 -0.146135829139684 0.839558668029944 0.348219282429081 -0.300438022992315 0.316213972338613 0.42706060322342
0.291924949603489 -0.0862938465022345 -0.127598214656355 -0.153699895787689 -0.106931166155865 -0.225023375983428 -0.211700518510448 -0.0748999777014394 0.539432731717817 0.735841677227068 -0.162846698738662 0.391933219099074 0.999999999999997 0.65083653715741 -0.254717387338625 -0.0890077120438577 -0.0589204039398502 -0.0649310834326864 0.878824596472232 -0.129908321701912 -0.0723553523710835 -0.109954144985176 0.331616208760272 -0.237463691022904 -0.153699895787689 -0.106931166155865 -0.225023375983428 -0.211700518510448 -0.0748999777014394 0.539432731717817 0.735841677227068 -0.162846698738662 0.391933219099074 0.999999999999997 0.65083653715741 -0.254717387338625 -0.0890077120438577 -0.0589204039398502 -0.0649310834326864 0.878824596472232 -0.129908321701912 -0.0723553523710835 -0.109954144985176 0.331616208760272 -0.237463691022904 -0.0775302127945968 -0.0657882188855385 -0.0886315764423854 0.435139822094778 0.269663867442662 0.653602394728735 -0.0940471290212141 0.382974053461882 -0.0553170512118533 -0.151259309990876 0.865470189493837 -0.130896009860558
0.124445261220355 0.505219341406978 -0.175348130780362 0.293752116113444 -0.171362747806065 -0.344811267663252 0.131240641370091 -0.128431122325773 0.266001520380133 0.442954415745173 0.260456767705645 0.123062305566594 0.65083653715741 0.999999999999903 0.0592218543693231 0.687321629667829 -0.0885278795626128 -0.109276194082413 0.55212841631268 -0.186888056150237 -0.138185189279848 -0.157210109896457 0.0648813184633559 -0.362555410401592 0.293752116113444 -0.171362747806065 -0.344811267663252 0.131240641370091 -0.128431122325773 0.266001520380133 0.442954415745173 0.260456767705645 0.123062305566594 0.65083653715741 0.999999999999903 0.0592218543693231 0.687321629667829 -0.0885278795626128 -0.109276194082413 0.55212841631268 -0.186888056150237 -0.138185189279848 -0.157210109896457 0.0648813184633559 -0.362555410401592 -0.107898555694519 -0.0966064140229834 0.680059972445319 0.17994403204522 0.406498468483741 0.371087256723363 0.6045411998419 0.120793291362586 -0.100911179773163 0.297863741089778 0.550744659090098 -0.181078878397164
0.375359919794257 0.197994075586702 0.473260675794164 0.491239174326377 0.332785835944326 -0.619361364412565 0.673392003034326 0.323394945633125 -0.049185937276138 -0.348348560185002 0.621460986106382 0.454886540960269 -0.254717387338625 0.0592218543693231 0.999999999999905 0.311344678287783 -0.213193904472937 0.278176699550069 -0.288066299671812 0.463984237683414 -0.283975452987509 0.40038787978395 0.473112316893999 -0.813187109339823 0.491239174326377 0.332785835944326 -0.619361364412565 0.673392003034326 0.323394945633125 -0.049185937276138 -0.348348560185002 0.621460986106382 0.454886540960269 -0.254717387338625 0.0592218543693231 0.999999999999905 0.311344678287783 -0.213193904472937 0.278176699550069 -0.288066299671812 0.463984237683414 -0.283975452987509 0.40038787978395 0.473112316893999 -0.813187109339823 -0.223936158246173 0.275174209600566 0.306061242422841 0.231500160692429 0.62768728406938 -0.00545563080059113 0.311220574894554 0.345623549467703 0.267291787448797 0.517013162543927 -0.23302187065437 0.289616410318157
-0.111064368032232 0.733040185684964 -0.112168480780378 0.519989887285731 -0.122197777044775 -0.236436178731843 0.364143171205828 -0.0988447029769448 -0.15524728965714 -0.106326092505542 0.490999582194853 -0.205206854036647 -0.0890077120438577 0.687321629667829 0.311344678287783 0.999999999999967 -0.0596982713964336 -0.0829689727406888 -0.105749552918266 -0.128071749510781 -0.111326571347047 -0.105994624984608 -0.234987973844726 -0.250910420836074 0.519989887285731 -0.122197777044775 -0.236436178731843 0.364143171205828 -0.0988447029769448 -0.15524728965714 -0.106326092505542 0.490999582194853 -0.205206854036647 -0.0890077120438577 0.687321629667829 0.311344678287783 0.999999999999967 -0.0596982713964336 -0.0829689727406888 -0.105749552918266 -0.128071749510781 -0.111326571347047 -0.105994624984608 -0.234987973844726 -0.250910420836074 -0.0692327616861794 -0.0640297317985271 0.981825642004641 -0.175676649832271 0.274340464834222 -0.131109142239676 0.881093166063368 -0.204380195924323 -0.0810111743499109 0.529251696112971 -0.094941778894879 -0.114940314711926
