1 0.0931346953823048 0.367240709652899 0.360130091552028 0.211311943399969 0.0397159380394038 0.367240709652899
0.0931346953823048 1 0.0431441238516739 0.100785847651605 0.052863420971019 0.0614221072827516 0.0431441238516739
0.367240709652899 0.0431441238516739 1 0.276312683690721 0.138867076250052 0.116875206223569 1
0.360130091552028 0.100785847651605 0.276312683690721 1 0.201594918240423 0.123483700413854 0.276312683690721
0.211311943399969 0.052863420971019 0.138867076250052 0.201594918240423 1 0.0217998535304742 0.138867076250052
0.0397159380394038 0.0614221072827516 0.116875206223569 0.123483700413854 0.0217998535304742 1 0.116875206223569
0.367240709652899 0.0431441238516739 1 0.276312683690721 0.138867076250052 0.116875206223569 1
